1,-0.583394996719662
2,-1.387315106429536
3,-0.7007560638827387
4,-1.5647627268932216
5,-0.8816221618985
6,-1.3832754414421844
7,-1.2505667744898625
8,-1.495298629495195
9,-0.8321677215851201
10,-1.5064734792414196
11,-1.5160042012865274
12,-1.4775633686567948
13,-1.4433770877516836
14,-1.2824503041148883
15,-1.3242829807253198
16,-1.0643870863225684
17,-0.5827621086542537
18,-1.0171114845528975
19,-1.2052498681031039
20,-1.3148303843805595
21,-1.219090631832397
22,-1.1881010256763547
23,-1.2177017688810587
24,-1.6248326815446739
25,-1.5270762600822148
26,-1.314612219349748
27,-2.0611355442095145
28,-1.104219804575136
29,-1.1697018737567704
30,-1.080943578856079
31,-1.0221203410820145
32,-1.6971060250850465
33,-1.3556816804188965
34,-0.9177838124582284
35,-1.222184887947941
36,-1.2422929407556953
37,-1.6043067354988592
38,-1.596816029024282
39,-0.4365002158388254
40,-1.975820962149961
41,-1.0130376261489977
42,-0.9244895121939709
43,-0.9634686655750629
44,-0.7746276858084877
45,-1.677386551331615
46,-1.00683163230806
47,-1.1612565834186304
48,-0.766989241374677
49,-1.3678456234053062
50,-0.7968985062348939
51,-1.5848964221589268
52,-0.6444144959676195
53,-1.3050075944611716
54,-1.7194680489592093
55,-1.0570798455315926
56,-0.9638792858403176
57,-1.286338296901029
58,-1.124991667392434
59,-1.3878744326025796
60,-0.39617210803261543
61,-0.9686632374094593
62,-1.1045176569297157
63,-0.8224746450523744
64,-0.6772126234968909
65,-1.1243774882709303
66,-0.7416527192785659
67,-0.737547714937283
68,-1.341005156706688
69,-1.099530845405305
70,-1.4813810106785057
71,-2.131703029596081
72,-1.0733455912664258
73,-0.8701166169485077
74,-1.4433616694558653
75,-0.7980540598055931
76,-0.9367244958813334
77,-1.2254071266600983
78,-1.122129370093255
79,-1.214340238499254
80,-0.48676768047323515
81,-0.9418471238402716
82,-0.7888779287049283
83,-1.251718130594922
84,-1.4565055291097622
85,-1.0539695577792212
86,-1.0876493625002464
87,-0.6846483693700642
88,-0.9510489679610966
89,-1.5522182186773377
90,-1.8137834615387698
91,-1.0674163872907723
92,-1.3416120810909387
93,-0.8312568323541973
94,-0.7931689247696565
95,-0.9494113625072303
96,-0.9625739456110503
97,-1.1095348319025404
98,-0.36923175963973365
99,-1.303353006869949
100,-0.43375644665932217
101,-0.8820770669520497
102,-1.3543941406552071
103,-1.208552816302067
104,-0.769209625000551
105,-0.9362263722288213
106,-1.5067514908442106
107,-0.8756225882257841
108,-1.2314505299962606
109,-1.2034508086037727
110,-0.7937316392819382
111,-1.682285642812652
112,-0.6863223680025752
113,-0.9734772193372159
114,-0.5502227774695833
115,-0.7671964905823848
116,-1.0639718764480584
117,-0.988748358900742
118,-0.8575685947202146
119,-1.1365510327986093
120,-1.9127164169027646
121,-1.2614165806241098
122,-1.0104978213655085
123,-0.5451620727210178
124,-0.7116722164822644
125,-0.6806971735784278
126,-0.44578597218836613
127,-0.86841529556305
128,-1.4516551401522348
129,-0.48316128131699515
130,-1.1077888057070093
131,-0.9919056362389522
132,-1.1645598328193492
133,-1.1179878445477545
134,-0.6238844740788854
135,-1.140536498765445
136,-1.275380025661948
137,-0.8281182339982833
138,-0.9370629305254473
139,-0.38007259857465303
140,-1.4824698028433223
141,-1.305169084995442
142,-1.6502277082992627
143,-1.5104402578852283
144,-1.0014755882465636
145,-0.8394070984318578
146,-1.0086279673716405
147,-1.1631925267668726
148,-0.7069398625404338
149,-0.950314569732335
150,-1.0693931136102903
151,-1.3616385652082394
152,-1.523791320475065
153,-0.859833905293639
154,-2.0021010054687216
155,-1.5245167966042381
156,-0.9179593138377811
157,-1.2074482291161561
158,-1.3326344307500675
159,-0.6080460221147591
160,-1.3357228554359022
161,-1.0658644185280104
162,-1.3761727173964473
163,-1.5351362429460296
164,-0.7834485337239013
165,-1.1700003465182844
166,-0.8022555350359027
167,-1.9905645427821292
168,-1.7840112100842176
169,-0.9317969392753481
170,-0.6263833701102571
171,-1.4620161897659782
172,-0.9451970119709685
173,-0.654626425404443
174,-1.570489830633452
175,-0.6906806375213013
176,-1.525687281762687
177,-0.8343631456325936
178,-0.6519950343141027
179,-1.0263302985115488
180,-0.880882342826359
181,-1.2385035664153912
182,-1.3815344224493507
183,-0.19023509080034828
184,-0.6328248654624442
185,-1.7105423732380103
186,-1.0505986095442545
187,-0.8991592717604066
188,-0.933290211208587
189,-1.6912957222385303
190,-0.6203598759272834
191,-1.2811628094689558
192,-1.3122295794572922
193,-0.5040829404593895
194,-0.9209985638375987
195,-0.5277889459730256
196,-0.9880443897289344
197,-0.8350967414695863
198,-1.2373075669189124
199,-1.7904019305005145
200,-0.5681027117495735
201,-1.3859498954801053
202,-1.50952643804093
203,-0.9404901198688894
204,-1.1902184731606018
205,-2.0007969374164056
206,-1.0182738108541456
207,-0.9859171785918251
208,-0.6679463012793906
209,-0.5342929867366629
210,-1.2333405075265413
211,-1.241449887319449
212,-0.5716726378982805
213,-0.9799527851381507
214,-1.133028220308503
215,-1.4991299208207913
216,-0.6384848103867092
217,-1.0144174205204033
218,-1.6597028157915654
219,-1.500342713067483
220,-1.8677180804883895
221,-1.445091796432185
222,-1.481762452586437
223,-1.9300836252573008
224,-0.9119874389399846
225,-0.8341958125712832
226,-2.1272284416860057
227,-1.2806795852788304
228,-1.2728891026643858
229,-0.9020827617159292
230,-1.4508640092776797
231,-1.1623802890582575
232,-1.9162839676420416
233,-1.1069860929058175
234,-0.5240011232875897
235,-1.000416313965151
236,-1.3996164477038695
237,-0.9661818893835404
238,-0.6685074620398337
239,-1.1629541446454823
240,-2.179071306027359
241,-1.0775263425280384
242,-1.735904304306882
243,-0.5704928274388716
244,-1.7467795545611948
245,-0.8987555480142215
246,-0.5856316958145681
247,-0.6050645475807068
248,-1.1093664589531016
249,-1.255394137762103
250,-0.3421990688451949
251,-0.6679497830875409
252,-1.6988747607540302
253,-0.9467049153817731
254,-1.1598824397053407
255,-1.1290368097582195
256,-0.806739981363283
257,-0.8566447380685596
258,-0.5373047828408224
259,-0.9474501014703227
260,-1.3733196854553473
261,-0.7149209536041836
262,-1.0036994440665823
263,-0.7692507409588679
264,-1.5562051492766547
265,-0.8597486138918957
266,-0.6263345835350301
267,-0.6323475353797983
268,-1.7145370350573608
269,-2.0101293992133797
270,-1.2537253187094561
271,-1.1902212398787904
272,-1.2205914800083546
273,-0.5377348178050433
274,-0.9610820505392148
275,-0.8651409092365784
276,-1.9575458852704615
277,-0.8732797724679112
278,-0.6031164108879037
279,-1.210341380801375
280,-0.8716258543408325
281,-0.4563123482181047
282,-1.3360561674159734
283,-0.6659480392489586
284,-1.1329834496343298
285,-0.7665576668443039
286,-0.9230888984593255
287,-0.8111627418566856
288,-0.5170575689952215
289,-1.3066024774755898
290,-1.1499612037183586
291,-0.8710156732452591
292,-0.858410169569841
293,-1.0812843411939308
294,-0.9929825465380392
295,-1.4102877534821932
296,-0.949801817114838
297,-1.2789998493823769
298,-0.8330427050419456
299,-1.9032905733495047
300,-1.246046783172571
301,-0.9406372277066112
302,-0.25992553256886824
303,-0.88130251667273
304,-0.4992676369594766
305,-1.4589304297057155
306,-0.735518196283149
307,-2.0442054232674733
308,-1.223117533501856
309,-1.1597909175436283
310,-0.8597961015037707
311,-0.1874479999498579
312,-1.1238966800404158
313,-1.3603088213366252
314,-0.6990017529988422
315,-0.4949527103889249
316,-0.724724546254331
317,-1.518104207412786
318,-1.2355694240996038
319,-1.0627838012558022
320,-1.1907714561958127
321,-0.5382691133620017
322,-0.9240191442390837
323,-1.153724343011506
324,-0.7173535736804508
325,-0.9082272548642424
326,-0.5126925540545028
327,-1.477137812576399
328,-0.7891785613230025
329,-1.1139893089254447
330,-0.6494942448384559
331,-1.197571306873004
332,-1.101049553828027
333,-0.9192504330630779
334,-1.3326655481503056
335,-1.2472651242197657
336,-0.7133860058539474
337,-0.919807475252912
338,-1.1514002222224677
339,-1.4475328154763494
340,-0.7060199736949919
341,-0.8357502048526277
342,-0.9204046574719061
343,-1.0528389610678943
344,-0.1948674915519255
345,-0.7663863258473952
346,-1.1308665851007405
347,-1.5755501468115316
348,-0.8508825221054884
349,-1.272706861562484
350,-1.104282083217195
351,-0.9905554409328167
352,-0.600869246646538
353,-1.1600645036024757
354,-0.9829976415000894
355,-1.1742625701569231
356,-1.14482443136394
357,-1.659898992435531
358,-1.5390285291711807
359,-1.0825329303993765
360,-1.5049243891892632
361,-1.2825006959614789
362,-1.0821330878417939
363,-0.8585308221995281
364,-0.3386303081172495
365,-1.150096333191695
366,-0.804739781790871
367,-1.26990315248282
368,-0.6699886620710599
369,-0.8170879282008269
370,-0.8688102341836774
371,-1.2703049485261242
372,-0.611476026382017
373,-1.0442950381079874
374,-1.0790386217672694
375,-1.0313366377841784
376,-1.0824679606995171
377,-1.831084524822368
378,-0.4236006358004879
379,-1.3613471638865127
380,-1.1012676480091548
381,-0.6354707529185674
382,-0.7036618781971207
383,-0.8865218278696916
384,-0.4645634440463934
385,-1.2315757586531648
386,-1.1530182321412852
387,-2.0236815320483097
388,-0.861207237819715
389,-1.02791626494834
390,-0.9598885618868818
391,-1.8707504161793476
392,-0.8603625888869969
393,-1.3637735425569117
394,-0.40719528622262335
395,-1.4979575479424023
396,-1.5338187349588435
397,-1.4681077674864995
398,-0.29623841855693894
399,-1.0232292453117258
400,-0.5125794002851147
401,-1.2293733324441645
402,-1.1674627686082362
403,-1.0723183759777197
404,-1.7891326131535723
405,-1.070248594321124
406,-0.9416776097490184
407,-1.4843790858633916
408,-1.5160605025938665
409,-1.5033113993927614
410,-0.4147427793634072
411,-1.128362292846828
412,-1.1400771890217969
413,-0.5621415264378222
414,-0.9982890042140702
415,-1.78287868544213
416,-1.6047026928657668
417,-0.6371226327887409
418,-0.9852386376881078
419,-1.158798596001252
420,-0.949813069967553
421,-1.6686326538805256
422,-1.4529328660115706
423,-0.5154261626825258
424,-1.1925634757242722
425,-0.9118920905525006
426,-1.1544577846213635
427,-1.0655940005118139
428,-1.3784097254347556
429,-1.9122548679833387
430,-1.3809313760771893
431,-0.6404484929298558
432,-0.9665239741752092
433,-0.8013408143160484
434,-1.6219226948406702
435,-1.2364253840862551
436,-0.7311646715578736
437,-0.2861334054686307
438,-1.120740863660713
439,-1.2181007975292801
440,-1.1693748528591645
441,-1.090198902243223
442,-1.344240099066732
443,-1.2383161129085833
444,-0.491164058940269
445,-1.2252998588494233
446,-1.2107771725048722
447,-1.3533069184927162
448,-0.9310593224732523
449,-0.8379560771859166
450,-0.6405325437836913
451,-1.186117375349523
452,-0.7914746340708321
453,-1.5083251917972365
454,-1.595607229633957
455,-1.33154716664279
456,-0.7958504721479318
457,-0.9584413390879133
458,-1.015140868016451
459,-1.1154757503902322
460,-0.31958630462586574
461,-1.3449724399289418
462,-1.0806716783140529
463,-1.3657461081377484
464,-0.8730605807157239
465,-0.933600993963196
466,-1.1981246417384601
467,-0.8272212348441443
468,-0.6449808822231247
469,-1.1260070372127033
470,-0.8517928392135077
471,-1.0311090471147433
472,-0.7825823032725302
473,-1.1074187234754647
474,-0.39939298907306203
475,-0.40922029949082384
476,-1.0898401198696246
477,-0.689178907353611
478,-1.6486396270469883
479,-1.0829674336216857
480,-1.078359076777792
481,-0.9842639427912522
482,-1.0121800493365938
483,-1.8284447321417272
484,-0.35793421784850965
485,-0.9056212521620974
486,-1.2320034883736484
487,-1.8650515187997845
488,-1.0362743160774286
489,-0.9327119900485334
490,-1.9669314182922994
491,-1.6415341233352416
492,-1.096193732034263
